\ Model model
\ LP format - for model browsing. Use MPS format to capture full model detail.
Minimize
  a1[0,0] + a1[0,1] + a1[0,2] + a1[0,3] + a1[0,4] + a1[0,5] + a1[0,6]
   + a1[0,7] + a1[0,8] + a1[0,9] + a1[0,10] + a1[0,11] + a1[0,12]
   + a1[0,13] + a1[0,14] + a1[0,15] + a1[0,16] + a1[0,17] + a1[0,18]
   + a1[0,19] + a1[0,20] + a1[0,21] + a1[0,22] + a1[0,23] + a1[1,0]
   + a1[1,1] + a1[1,2] + a1[1,3] + a1[1,4] + a1[1,5] + a1[1,6] + a1[1,7]
   + a1[1,8] + a1[1,9] + a1[1,10] + a1[1,11] + a1[1,12] + a1[1,13]
   + a1[1,14] + a1[1,15] + a1[1,16] + a1[1,17] + a1[1,18] + a1[1,19]
   + a1[1,20] + a1[1,21] + a1[1,22] + a1[1,23] + a1[2,0] + a1[2,1]
   + a1[2,2] + a1[2,3] + a1[2,4] + a1[2,5] + a1[2,6] + a1[2,7] + a1[2,8]
   + a1[2,9] + a1[2,10] + a1[2,11] + a1[2,12] + a1[2,13] + a1[2,14]
   + a1[2,15] + a1[2,16] + a1[2,17] + a1[2,18] + a1[2,19] + a1[2,20]
   + a1[2,21] + a1[2,22] + a1[2,23] + a2[0] + a2[1] + a2[2] + a2[3] + a2[4]
   + a2[5] + a2[6] + a2[7] + a2[8] + a2[9] + a2[10] + a2[11] + a2[12]
   + a2[13] + a2[14] + a2[15] + a2[16] + a2[17] + a2[18] + a2[19] + a2[20]
   + a2[21] + a2[22] + a2[23] + a3[0] + a3[1] + a3[2] + a3[3] + a3[4]
   + a3[5] + a3[6] + a3[7] + a3[8] + a3[9] + a3[10] + a3[11] + a3[12]
   + a3[13] + a3[14] + a3[15] + a3[16] + a3[17] + a3[18] + a3[19] + a3[20]
   + a3[21] + a3[22] + a3[23] + a4[0,0] + a4[0,1] + a4[0,2] + a4[0,3]
   + a4[0,4] + a4[0,5] + a4[0,6] + a4[0,7] + a4[0,8] + a4[0,9] + a4[0,10]
   + a4[0,11] + a4[0,12] + a4[0,13] + a4[0,14] + a4[0,15] + a4[0,16]
   + a4[0,17] + a4[0,18] + a4[0,19] + a4[0,20] + a4[0,21] + a4[0,22]
   + a4[0,23] + a4[1,0] + a4[1,1] + a4[1,2] + a4[1,3] + a4[1,4] + a4[1,5]
   + a4[1,6] + a4[1,7] + a4[1,8] + a4[1,9] + a4[1,10] + a4[1,11] + a4[1,12]
   + a4[1,13] + a4[1,14] + a4[1,15] + a4[1,16] + a4[1,17] + a4[1,18]
   + a4[1,19] + a4[1,20] + a4[1,21] + a4[1,22] + a4[1,23] + a4[2,0]
   + a4[2,1] + a4[2,2] + a4[2,3] + a4[2,4] + a4[2,5] + a4[2,6] + a4[2,7]
   + a4[2,8] + a4[2,9] + a4[2,10] + a4[2,11] + a4[2,12] + a4[2,13]
   + a4[2,14] + a4[2,15] + a4[2,16] + a4[2,17] + a4[2,18] + a4[2,19]
   + a4[2,20] + a4[2,21] + a4[2,22] + a4[2,23] + a4[3,0] + a4[3,1]
   + a4[3,2] + a4[3,3] + a4[3,4] + a4[3,5] + a4[3,6] + a4[3,7] + a4[3,8]
   + a4[3,9] + a4[3,10] + a4[3,11] + a4[3,12] + a4[3,13] + a4[3,14]
   + a4[3,15] + a4[3,16] + a4[3,17] + a4[3,18] + a4[3,19] + a4[3,20]
   + a4[3,21] + a4[3,22] + a4[3,23] + a4[4,0] + a4[4,1] + a4[4,2] + a4[4,3]
   + a4[4,4] + a4[4,5] + a4[4,6] + a4[4,7] + a4[4,8] + a4[4,9] + a4[4,10]
   + a4[4,11] + a4[4,12] + a4[4,13] + a4[4,14] + a4[4,15] + a4[4,16]
   + a4[4,17] + a4[4,18] + a4[4,19] + a4[4,20] + a4[4,21] + a4[4,22]
   + a4[4,23] + a4[5,0] + a4[5,1] + a4[5,2] + a4[5,3] + a4[5,4] + a4[5,5]
   + a4[5,6] + a4[5,7] + a4[5,8] + a4[5,9] + a4[5,10] + a4[5,11] + a4[5,12]
   + a4[5,13] + a4[5,14] + a4[5,15] + a4[5,16] + a4[5,17] + a4[5,18]
   + a4[5,19] + a4[5,20] + a4[5,21] + a4[5,22] + a4[5,23] + a4[6,0]
   + a4[6,1] + a4[6,2] + a4[6,3] + a4[6,4] + a4[6,5] + a4[6,6] + a4[6,7]
   + a4[6,8] + a4[6,9] + a4[6,10] + a4[6,11] + a4[6,12] + a4[6,13]
   + a4[6,14] + a4[6,15] + a4[6,16] + a4[6,17] + a4[6,18] + a4[6,19]
   + a4[6,20] + a4[6,21] + a4[6,22] + a4[6,23] + a4[7,0] + a4[7,1]
   + a4[7,2] + a4[7,3] + a4[7,4] + a4[7,5] + a4[7,6] + a4[7,7] + a4[7,8]
   + a4[7,9] + a4[7,10] + a4[7,11] + a4[7,12] + a4[7,13] + a4[7,14]
   + a4[7,15] + a4[7,16] + a4[7,17] + a4[7,18] + a4[7,19] + a4[7,20]
   + a4[7,21] + a4[7,22] + a4[7,23] + a4[8,0] + a4[8,1] + a4[8,2] + a4[8,3]
   + a4[8,4] + a4[8,5] + a4[8,6] + a4[8,7] + a4[8,8] + a4[8,9] + a4[8,10]
   + a4[8,11] + a4[8,12] + a4[8,13] + a4[8,14] + a4[8,15] + a4[8,16]
   + a4[8,17] + a4[8,18] + a4[8,19] + a4[8,20] + a4[8,21] + a4[8,22]
   + a4[8,23] + a4[9,0] + a4[9,1] + a4[9,2] + a4[9,3] + a4[9,4] + a4[9,5]
   + a4[9,6] + a4[9,7] + a4[9,8] + a4[9,9] + a4[9,10] + a4[9,11] + a4[9,12]
   + a4[9,13] + a4[9,14] + a4[9,15] + a4[9,16] + a4[9,17] + a4[9,18]
   + a4[9,19] + a4[9,20] + a4[9,21] + a4[9,22] + a4[9,23] + a4[10,0]
   + a4[10,1] + a4[10,2] + a4[10,3] + a4[10,4] + a4[10,5] + a4[10,6]
   + a4[10,7] + a4[10,8] + a4[10,9] + a4[10,10] + a4[10,11] + a4[10,12]
   + a4[10,13] + a4[10,14] + a4[10,15] + a4[10,16] + a4[10,17] + a4[10,18]
   + a4[10,19] + a4[10,20] + a4[10,21] + a4[10,22] + a4[10,23] + a4[11,0]
   + a4[11,1] + a4[11,2] + a4[11,3] + a4[11,4] + a4[11,5] + a4[11,6]
   + a4[11,7] + a4[11,8] + a4[11,9] + a4[11,10] + a4[11,11] + a4[11,12]
   + a4[11,13] + a4[11,14] + a4[11,15] + a4[11,16] + a4[11,17] + a4[11,18]
   + a4[11,19] + a4[11,20] + a4[11,21] + a4[11,22] + a4[11,23] + a4[12,0]
   + a4[12,1] + a4[12,2] + a4[12,3] + a4[12,4] + a4[12,5] + a4[12,6]
   + a4[12,7] + a4[12,8] + a4[12,9] + a4[12,10] + a4[12,11] + a4[12,12]
   + a4[12,13] + a4[12,14] + a4[12,15] + a4[12,16] + a4[12,17] + a4[12,18]
   + a4[12,19] + a4[12,20] + a4[12,21] + a4[12,22] + a4[12,23] + a4[13,0]
   + a4[13,1] + a4[13,2] + a4[13,3] + a4[13,4] + a4[13,5] + a4[13,6]
   + a4[13,7] + a4[13,8] + a4[13,9] + a4[13,10] + a4[13,11] + a4[13,12]
   + a4[13,13] + a4[13,14] + a4[13,15] + a4[13,16] + a4[13,17] + a4[13,18]
   + a4[13,19] + a4[13,20] + a4[13,21] + a4[13,22] + a4[13,23] + a4[14,0]
   + a4[14,1] + a4[14,2] + a4[14,3] + a4[14,4] + a4[14,5] + a4[14,6]
   + a4[14,7] + a4[14,8] + a4[14,9] + a4[14,10] + a4[14,11] + a4[14,12]
   + a4[14,13] + a4[14,14] + a4[14,15] + a4[14,16] + a4[14,17] + a4[14,18]
   + a4[14,19] + a4[14,20] + a4[14,21] + a4[14,22] + a4[14,23] + a4[15,0]
   + a4[15,1] + a4[15,2] + a4[15,3] + a4[15,4] + a4[15,5] + a4[15,6]
   + a4[15,7] + a4[15,8] + a4[15,9] + a4[15,10] + a4[15,11] + a4[15,12]
   + a4[15,13] + a4[15,14] + a4[15,15] + a4[15,16] + a4[15,17] + a4[15,18]
   + a4[15,19] + a4[15,20] + a4[15,21] + a4[15,22] + a4[15,23] + a4[16,0]
   + a4[16,1] + a4[16,2] + a4[16,3] + a4[16,4] + a4[16,5] + a4[16,6]
   + a4[16,7] + a4[16,8] + a4[16,9] + a4[16,10] + a4[16,11] + a4[16,12]
   + a4[16,13] + a4[16,14] + a4[16,15] + a4[16,16] + a4[16,17] + a4[16,18]
   + a4[16,19] + a4[16,20] + a4[16,21] + a4[16,22] + a4[16,23] + a4[17,0]
   + a4[17,1] + a4[17,2] + a4[17,3] + a4[17,4] + a4[17,5] + a4[17,6]
   + a4[17,7] + a4[17,8] + a4[17,9] + a4[17,10] + a4[17,11] + a4[17,12]
   + a4[17,13] + a4[17,14] + a4[17,15] + a4[17,16] + a4[17,17] + a4[17,18]
   + a4[17,19] + a4[17,20] + a4[17,21] + a4[17,22] + a4[17,23] + a4[18,0]
   + a4[18,1] + a4[18,2] + a4[18,3] + a4[18,4] + a4[18,5] + a4[18,6]
   + a4[18,7] + a4[18,8] + a4[18,9] + a4[18,10] + a4[18,11] + a4[18,12]
   + a4[18,13] + a4[18,14] + a4[18,15] + a4[18,16] + a4[18,17] + a4[18,18]
   + a4[18,19] + a4[18,20] + a4[18,21] + a4[18,22] + a4[18,23] + a4[19,0]
   + a4[19,1] + a4[19,2] + a4[19,3] + a4[19,4] + a4[19,5] + a4[19,6]
   + a4[19,7] + a4[19,8] + a4[19,9] + a4[19,10] + a4[19,11] + a4[19,12]
   + a4[19,13] + a4[19,14] + a4[19,15] + a4[19,16] + a4[19,17] + a4[19,18]
   + a4[19,19] + a4[19,20] + a4[19,21] + a4[19,22] + a4[19,23] + a4[20,0]
   + a4[20,1] + a4[20,2] + a4[20,3] + a4[20,4] + a4[20,5] + a4[20,6]
   + a4[20,7] + a4[20,8] + a4[20,9] + a4[20,10] + a4[20,11] + a4[20,12]
   + a4[20,13] + a4[20,14] + a4[20,15] + a4[20,16] + a4[20,17] + a4[20,18]
   + a4[20,19] + a4[20,20] + a4[20,21] + a4[20,22] + a4[20,23] + a4[21,0]
   + a4[21,1] + a4[21,2] + a4[21,3] + a4[21,4] + a4[21,5] + a4[21,6]
   + a4[21,7] + a4[21,8] + a4[21,9] + a4[21,10] + a4[21,11] + a4[21,12]
   + a4[21,13] + a4[21,14] + a4[21,15] + a4[21,16] + a4[21,17] + a4[21,18]
   + a4[21,19] + a4[21,20] + a4[21,21] + a4[21,22] + a4[21,23] + a4[22,0]
   + a4[22,1] + a4[22,2] + a4[22,3] + a4[22,4] + a4[22,5] + a4[22,6]
   + a4[22,7] + a4[22,8] + a4[22,9] + a4[22,10] + a4[22,11] + a4[22,12]
   + a4[22,13] + a4[22,14] + a4[22,15] + a4[22,16] + a4[22,17] + a4[22,18]
   + a4[22,19] + a4[22,20] + a4[22,21] + a4[22,22] + a4[22,23] + a4[23,0]
   + a4[23,1] + a4[23,2] + a4[23,3] + a4[23,4] + a4[23,5] + a4[23,6]
   + a4[23,7] + a4[23,8] + a4[23,9] + a4[23,10] + a4[23,11] + a4[23,12]
   + a4[23,13] + a4[23,14] + a4[23,15] + a4[23,16] + a4[23,17] + a4[23,18]
   + a4[23,19] + a4[23,20] + a4[23,21] + a4[23,22] + a4[23,23] + a5[0,0]
   + a5[0,1] + a5[0,2] + a5[0,3] + a5[0,4] + a5[0,5] + a5[0,6] + a5[0,7]
   + a5[0,8] + a5[0,9] + a5[0,10] + a5[0,11] + a5[0,12] + a5[0,13]
   + a5[0,14] + a5[0,15] + a5[0,16] + a5[0,17] + a5[0,18] + a5[0,19]
   + a5[0,20] + a5[0,21] + a5[0,22] + a5[0,23] + a5[1,0] + a5[1,1]
   + a5[1,2] + a5[1,3] + a5[1,4] + a5[1,5] + a5[1,6] + a5[1,7] + a5[1,8]
   + a5[1,9] + a5[1,10] + a5[1,11] + a5[1,12] + a5[1,13] + a5[1,14]
   + a5[1,15] + a5[1,16] + a5[1,17] + a5[1,18] + a5[1,19] + a5[1,20]
   + a5[1,21] + a5[1,22] + a5[1,23] + a6[0,0] + a6[0,1] + a6[0,2] + a6[0,3]
   + a6[0,4] + a6[0,5] + a6[0,6] + a6[0,7] + a6[0,8] + a6[0,9] + a6[0,10]
   + a6[0,11] + a6[0,12] + a6[0,13] + a6[0,14] + a6[0,15] + a6[0,16]
   + a6[0,17] + a6[0,18] + a6[0,19] + a6[0,20] + a6[0,21] + a6[0,22]
   + a6[0,23] + a6[1,0] + a6[1,1] + a6[1,2] + a6[1,3] + a6[1,4] + a6[1,5]
   + a6[1,6] + a6[1,7] + a6[1,8] + a6[1,9] + a6[1,10] + a6[1,11] + a6[1,12]
   + a6[1,13] + a6[1,14] + a6[1,15] + a6[1,16] + a6[1,17] + a6[1,18]
   + a6[1,19] + a6[1,20] + a6[1,21] + a6[1,22] + a6[1,23] + a6[2,0]
   + a6[2,1] + a6[2,2] + a6[2,3] + a6[2,4] + a6[2,5] + a6[2,6] + a6[2,7]
   + a6[2,8] + a6[2,9] + a6[2,10] + a6[2,11] + a6[2,12] + a6[2,13]
   + a6[2,14] + a6[2,15] + a6[2,16] + a6[2,17] + a6[2,18] + a6[2,19]
   + a6[2,20] + a6[2,21] + a6[2,22] + a6[2,23] + a7[0] + a7[1] + a7[2]
   + a7[3] + a7[4] + a7[5] + a7[6] + a7[7] + a7[8] + a7[9] + a7[10]
   + a7[11] + a7[12] + a7[13] + a7[14] + a7[15] + a7[16] + a7[17] + a7[18]
   + a7[19] + a7[20] + a7[21] + a7[22] + a7[23] + a8[0] + a8[1] + a8[2]
   + a8[3] + a8[4] + a8[5] + a8[6] + a8[7] + a8[8] + a8[9] + a8[10]
   + a8[11] + a8[12] + a8[13] + a8[14] + a8[15] + a8[16] + a8[17] + a8[18]
   + a8[19] + a8[20] + a8[21] + a8[22] + a8[23] + a9 + a10 + a11[0]
   + a11[1] + a11[2] + a11[3] + a11[4] + a11[5] + a11[6] + a11[7] + a11[8]
   + a11[9] + a11[10] + a11[11] + a11[12] + a11[13] + a11[14] + a11[15]
   + a11[16] + a11[17] + a11[18] + a11[19] + a11[20] + a11[21] + a11[22]
   + a11[23] + a12[0] + a12[1] + a12[2] + a12[3] + a12[4] + a12[5] + a12[6]
   + a12[7] + a12[8] + a12[9] + a12[10] + a12[11] + a12[12] + a12[13]
   + a12[14] + a12[15] + a12[16] + a12[17] + a12[18] + a12[19] + a12[20]
   + a12[21] + a12[22] + a12[23]
Subject To
 R0: - phi2[0,0] - a1[0,0] = -1
 R1: - phi2[0,1] - a1[0,1] = -1
 R2: - phi2[0,2] - a1[0,2] = -1
 R3: - phi2[0,3] - a1[0,3] = -1
 R4: - phi2[0,4] - a1[0,4] = -1
 R5: - phi2[0,5] - a1[0,5] = -1
 R6: - phi2[0,6] - a1[0,6] = -1
 R7: - phi2[0,7] - a1[0,7] = -1
 R8: - phi2[0,8] - a1[0,8] = -1
 R9: - phi2[0,9] - a1[0,9] = -1
 R10: - phi2[0,10] - a1[0,10] = -1
 R11: - phi2[0,11] - a1[0,11] = -1
 R12: - phi2[0,12] - a1[0,12] = -1
 R13: - phi2[0,13] - a1[0,13] = -1
 R14: - phi2[0,14] - a1[0,14] = -1
 R15: - phi2[0,15] - a1[0,15] = -1
 R16: - phi2[0,16] - a1[0,16] = -1
 R17: - phi2[0,17] - a1[0,17] = -1
 R18: - phi2[0,18] - a1[0,18] = -1
 R19: - phi2[0,19] - a1[0,19] = -1
 R20: - phi2[0,20] - a1[0,20] = -1
 R21: - phi2[0,21] - a1[0,21] = -1
 R22: - phi2[0,22] - a1[0,22] = -1
 R23: - phi2[0,23] - a1[0,23] = -1
 R24: - phi2[1,0] - a1[1,0] = -1
 R25: - phi2[1,1] - a1[1,1] = -1
 R26: - phi2[1,2] - a1[1,2] = -1
 R27: - phi2[1,3] - a1[1,3] = -1
 R28: - phi2[1,4] - a1[1,4] = -1
 R29: - phi2[1,5] - a1[1,5] = -1
 R30: - phi2[1,6] - a1[1,6] = -1
 R31: - phi2[1,7] - a1[1,7] = -1
 R32: - phi2[1,8] - a1[1,8] = -1
 R33: - phi2[1,9] - a1[1,9] = -1
 R34: - phi2[1,10] - a1[1,10] = -1
 R35: - phi2[1,11] - a1[1,11] = -1
 R36: - phi2[1,12] - a1[1,12] = -1
 R37: - phi2[1,13] - a1[1,13] = -1
 R38: - phi2[1,14] - a1[1,14] = -1
 R39: - phi2[1,15] - a1[1,15] = -1
 R40: - phi2[1,16] - a1[1,16] = -1
 R41: - phi2[1,17] - a1[1,17] = -1
 R42: - phi2[1,18] - a1[1,18] = -1
 R43: - phi2[1,19] - a1[1,19] = -1
 R44: - phi2[1,20] - a1[1,20] = -1
 R45: - phi2[1,21] - a1[1,21] = -1
 R46: - phi2[1,22] - a1[1,22] = -1
 R47: - phi2[1,23] - a1[1,23] = -1
 R48: - phi2[2,0] - a1[2,0] = -1
 R49: - phi2[2,1] - a1[2,1] = -1
 R50: - phi2[2,2] - a1[2,2] = -1
 R51: - phi2[2,3] - a1[2,3] = -1
 R52: - phi2[2,4] - a1[2,4] = -1
 R53: - phi2[2,5] - a1[2,5] = -1
 R54: - phi2[2,6] - a1[2,6] = -1
 R55: - phi2[2,7] - a1[2,7] = -1
 R56: - phi2[2,8] - a1[2,8] = -1
 R57: - phi2[2,9] - a1[2,9] = -1
 R58: - phi2[2,10] - a1[2,10] = -1
 R59: - phi2[2,11] - a1[2,11] = -1
 R60: - phi2[2,12] - a1[2,12] = -1
 R61: - phi2[2,13] - a1[2,13] = -1
 R62: - phi2[2,14] - a1[2,14] = -1
 R63: - phi2[2,15] - a1[2,15] = -1
 R64: - phi2[2,16] - a1[2,16] = -1
 R65: - phi2[2,17] - a1[2,17] = -1
 R66: - phi2[2,18] - a1[2,18] = -1
 R67: - phi2[2,19] - a1[2,19] = -1
 R68: - phi2[2,20] - a1[2,20] = -1
 R69: - phi2[2,21] - a1[2,21] = -1
 R70: - phi2[2,22] - a1[2,22] = -1
 R71: - phi2[2,23] - a1[2,23] = -1
 R72: - 246 y[0] - 123 y[1] - 123 y[2] - 123 y[3] - 123 y[4] - 123 y[5]
   - 123 y[6] - 123 y[7] - 123 y[8] - 123 y[9] - 123 y[10] - 123 y[11]
   - 123 y[12] - 123 y[13] - 123 y[14] - 123 y[15] - 123 y[16] - 123 y[17]
   - 123 y[18] - 123 y[19] - 123 y[20] - 123 y[21] - 123 y[22] - 123 y[23]
   - phi3[0] + phi5 - a2[0] = -3.8650075e+07
 R73: - 123 y[0] - 246 y[1] - 123 y[2] - 123 y[3] - 123 y[4] - 123 y[5]
   - 123 y[6] - 123 y[7] - 123 y[8] - 123 y[9] - 123 y[10] - 123 y[11]
   - 123 y[12] - 123 y[13] - 123 y[14] - 123 y[15] - 123 y[16] - 123 y[17]
   - 123 y[18] - 123 y[19] - 123 y[20] - 123 y[21] - 123 y[22] - 123 y[23]
   - phi3[1] + phi5 - a2[1] = -3.8650075e+07
 R74: - 123 y[0] - 123 y[1] - 246 y[2] - 123 y[3] - 123 y[4] - 123 y[5]
   - 123 y[6] - 123 y[7] - 123 y[8] - 123 y[9] - 123 y[10] - 123 y[11]
   - 123 y[12] - 123 y[13] - 123 y[14] - 123 y[15] - 123 y[16] - 123 y[17]
   - 123 y[18] - 123 y[19] - 123 y[20] - 123 y[21] - 123 y[22] - 123 y[23]
   - phi3[2] + phi5 - a2[2] = -3.8650075e+07
 R75: - 123 y[0] - 123 y[1] - 123 y[2] - 246 y[3] - 123 y[4] - 123 y[5]
   - 123 y[6] - 123 y[7] - 123 y[8] - 123 y[9] - 123 y[10] - 123 y[11]
   - 123 y[12] - 123 y[13] - 123 y[14] - 123 y[15] - 123 y[16] - 123 y[17]
   - 123 y[18] - 123 y[19] - 123 y[20] - 123 y[21] - 123 y[22] - 123 y[23]
   - phi3[3] + phi5 - a2[3] = -3.8650075e+07
 R76: - 123 y[0] - 123 y[1] - 123 y[2] - 123 y[3] - 246 y[4] - 123 y[5]
   - 123 y[6] - 123 y[7] - 123 y[8] - 123 y[9] - 123 y[10] - 123 y[11]
   - 123 y[12] - 123 y[13] - 123 y[14] - 123 y[15] - 123 y[16] - 123 y[17]
   - 123 y[18] - 123 y[19] - 123 y[20] - 123 y[21] - 123 y[22] - 123 y[23]
   - phi3[4] + phi5 - a2[4] = -3.8650075e+07
 R77: - 123 y[0] - 123 y[1] - 123 y[2] - 123 y[3] - 123 y[4] - 246 y[5]
   - 123 y[6] - 123 y[7] - 123 y[8] - 123 y[9] - 123 y[10] - 123 y[11]
   - 123 y[12] - 123 y[13] - 123 y[14] - 123 y[15] - 123 y[16] - 123 y[17]
   - 123 y[18] - 123 y[19] - 123 y[20] - 123 y[21] - 123 y[22] - 123 y[23]
   - phi3[5] + phi5 - a2[5] = -3.8650075e+07
 R78: - 123 y[0] - 123 y[1] - 123 y[2] - 123 y[3] - 123 y[4] - 123 y[5]
   - 246 y[6] - 123 y[7] - 123 y[8] - 123 y[9] - 123 y[10] - 123 y[11]
   - 123 y[12] - 123 y[13] - 123 y[14] - 123 y[15] - 123 y[16] - 123 y[17]
   - 123 y[18] - 123 y[19] - 123 y[20] - 123 y[21] - 123 y[22] - 123 y[23]
   - phi3[6] + phi5 - a2[6] = -3.8650075e+07
 R79: - 123 y[0] - 123 y[1] - 123 y[2] - 123 y[3] - 123 y[4] - 123 y[5]
   - 123 y[6] - 246 y[7] - 123 y[8] - 123 y[9] - 123 y[10] - 123 y[11]
   - 123 y[12] - 123 y[13] - 123 y[14] - 123 y[15] - 123 y[16] - 123 y[17]
   - 123 y[18] - 123 y[19] - 123 y[20] - 123 y[21] - 123 y[22] - 123 y[23]
   - phi3[7] + phi5 - a2[7] = -3.8650075e+07
 R80: - 123 y[0] - 123 y[1] - 123 y[2] - 123 y[3] - 123 y[4] - 123 y[5]
   - 123 y[6] - 123 y[7] - 246 y[8] - 123 y[9] - 123 y[10] - 123 y[11]
   - 123 y[12] - 123 y[13] - 123 y[14] - 123 y[15] - 123 y[16] - 123 y[17]
   - 123 y[18] - 123 y[19] - 123 y[20] - 123 y[21] - 123 y[22] - 123 y[23]
   - phi3[8] + phi5 - a2[8] = -3.8650075e+07
 R81: - 123 y[0] - 123 y[1] - 123 y[2] - 123 y[3] - 123 y[4] - 123 y[5]
   - 123 y[6] - 123 y[7] - 123 y[8] - 246 y[9] - 123 y[10] - 123 y[11]
   - 123 y[12] - 123 y[13] - 123 y[14] - 123 y[15] - 123 y[16] - 123 y[17]
   - 123 y[18] - 123 y[19] - 123 y[20] - 123 y[21] - 123 y[22] - 123 y[23]
   - phi3[9] + phi5 - a2[9] = -3.8650075e+07
 R82: - 123 y[0] - 123 y[1] - 123 y[2] - 123 y[3] - 123 y[4] - 123 y[5]
   - 123 y[6] - 123 y[7] - 123 y[8] - 123 y[9] - 246 y[10] - 123 y[11]
   - 123 y[12] - 123 y[13] - 123 y[14] - 123 y[15] - 123 y[16] - 123 y[17]
   - 123 y[18] - 123 y[19] - 123 y[20] - 123 y[21] - 123 y[22] - 123 y[23]
   - phi3[10] + phi5 - a2[10] = -3.8650075e+07
 R83: - 123 y[0] - 123 y[1] - 123 y[2] - 123 y[3] - 123 y[4] - 123 y[5]
   - 123 y[6] - 123 y[7] - 123 y[8] - 123 y[9] - 123 y[10] - 246 y[11]
   - 123 y[12] - 123 y[13] - 123 y[14] - 123 y[15] - 123 y[16] - 123 y[17]
   - 123 y[18] - 123 y[19] - 123 y[20] - 123 y[21] - 123 y[22] - 123 y[23]
   - phi3[11] + phi5 - a2[11] = -3.8650075e+07
 R84: - 123 y[0] - 123 y[1] - 123 y[2] - 123 y[3] - 123 y[4] - 123 y[5]
   - 123 y[6] - 123 y[7] - 123 y[8] - 123 y[9] - 123 y[10] - 123 y[11]
   - 246 y[12] - 123 y[13] - 123 y[14] - 123 y[15] - 123 y[16] - 123 y[17]
   - 123 y[18] - 123 y[19] - 123 y[20] - 123 y[21] - 123 y[22] - 123 y[23]
   - phi3[12] + phi5 - a2[12] = -3.8650075e+07
 R85: - 123 y[0] - 123 y[1] - 123 y[2] - 123 y[3] - 123 y[4] - 123 y[5]
   - 123 y[6] - 123 y[7] - 123 y[8] - 123 y[9] - 123 y[10] - 123 y[11]
   - 123 y[12] - 246 y[13] - 123 y[14] - 123 y[15] - 123 y[16] - 123 y[17]
   - 123 y[18] - 123 y[19] - 123 y[20] - 123 y[21] - 123 y[22] - 123 y[23]
   - phi3[13] + phi5 - a2[13] = -3.8650075e+07
 R86: - 123 y[0] - 123 y[1] - 123 y[2] - 123 y[3] - 123 y[4] - 123 y[5]
   - 123 y[6] - 123 y[7] - 123 y[8] - 123 y[9] - 123 y[10] - 123 y[11]
   - 123 y[12] - 123 y[13] - 246 y[14] - 123 y[15] - 123 y[16] - 123 y[17]
   - 123 y[18] - 123 y[19] - 123 y[20] - 123 y[21] - 123 y[22] - 123 y[23]
   - phi3[14] + phi5 - a2[14] = -3.8650075e+07
 R87: - 123 y[0] - 123 y[1] - 123 y[2] - 123 y[3] - 123 y[4] - 123 y[5]
   - 123 y[6] - 123 y[7] - 123 y[8] - 123 y[9] - 123 y[10] - 123 y[11]
   - 123 y[12] - 123 y[13] - 123 y[14] - 246 y[15] - 123 y[16] - 123 y[17]
   - 123 y[18] - 123 y[19] - 123 y[20] - 123 y[21] - 123 y[22] - 123 y[23]
   - phi3[15] + phi5 - a2[15] = -3.8650075e+07
 R88: - 123 y[0] - 123 y[1] - 123 y[2] - 123 y[3] - 123 y[4] - 123 y[5]
   - 123 y[6] - 123 y[7] - 123 y[8] - 123 y[9] - 123 y[10] - 123 y[11]
   - 123 y[12] - 123 y[13] - 123 y[14] - 123 y[15] - 246 y[16] - 123 y[17]
   - 123 y[18] - 123 y[19] - 123 y[20] - 123 y[21] - 123 y[22] - 123 y[23]
   - phi3[16] + phi5 - a2[16] = -3.8650075e+07
 R89: - 123 y[0] - 123 y[1] - 123 y[2] - 123 y[3] - 123 y[4] - 123 y[5]
   - 123 y[6] - 123 y[7] - 123 y[8] - 123 y[9] - 123 y[10] - 123 y[11]
   - 123 y[12] - 123 y[13] - 123 y[14] - 123 y[15] - 123 y[16] - 246 y[17]
   - 123 y[18] - 123 y[19] - 123 y[20] - 123 y[21] - 123 y[22] - 123 y[23]
   - phi3[17] + phi5 - a2[17] = -3.8650075e+07
 R90: - 123 y[0] - 123 y[1] - 123 y[2] - 123 y[3] - 123 y[4] - 123 y[5]
   - 123 y[6] - 123 y[7] - 123 y[8] - 123 y[9] - 123 y[10] - 123 y[11]
   - 123 y[12] - 123 y[13] - 123 y[14] - 123 y[15] - 123 y[16] - 123 y[17]
   - 246 y[18] - 123 y[19] - 123 y[20] - 123 y[21] - 123 y[22] - 123 y[23]
   - phi3[18] + phi5 - a2[18] = -3.8650075e+07
 R91: - 123 y[0] - 123 y[1] - 123 y[2] - 123 y[3] - 123 y[4] - 123 y[5]
   - 123 y[6] - 123 y[7] - 123 y[8] - 123 y[9] - 123 y[10] - 123 y[11]
   - 123 y[12] - 123 y[13] - 123 y[14] - 123 y[15] - 123 y[16] - 123 y[17]
   - 123 y[18] - 246 y[19] - 123 y[20] - 123 y[21] - 123 y[22] - 123 y[23]
   - phi3[19] + phi5 - a2[19] = -3.8650075e+07
 R92: - 123 y[0] - 123 y[1] - 123 y[2] - 123 y[3] - 123 y[4] - 123 y[5]
   - 123 y[6] - 123 y[7] - 123 y[8] - 123 y[9] - 123 y[10] - 123 y[11]
   - 123 y[12] - 123 y[13] - 123 y[14] - 123 y[15] - 123 y[16] - 123 y[17]
   - 123 y[18] - 123 y[19] - 246 y[20] - 123 y[21] - 123 y[22] - 123 y[23]
   - phi3[20] + phi5 - a2[20] = -3.8650075e+07
 R93: - 123 y[0] - 123 y[1] - 123 y[2] - 123 y[3] - 123 y[4] - 123 y[5]
   - 123 y[6] - 123 y[7] - 123 y[8] - 123 y[9] - 123 y[10] - 123 y[11]
   - 123 y[12] - 123 y[13] - 123 y[14] - 123 y[15] - 123 y[16] - 123 y[17]
   - 123 y[18] - 123 y[19] - 123 y[20] - 246 y[21] - 123 y[22] - 123 y[23]
   - phi3[21] + phi5 - a2[21] = -3.8650075e+07
 R94: - 123 y[0] - 123 y[1] - 123 y[2] - 123 y[3] - 123 y[4] - 123 y[5]
   - 123 y[6] - 123 y[7] - 123 y[8] - 123 y[9] - 123 y[10] - 123 y[11]
   - 123 y[12] - 123 y[13] - 123 y[14] - 123 y[15] - 123 y[16] - 123 y[17]
   - 123 y[18] - 123 y[19] - 123 y[20] - 123 y[21] - 246 y[22] - 123 y[23]
   - phi3[22] + phi5 - a2[22] = -3.8650075e+07
 R95: - 123 y[0] - 123 y[1] - 123 y[2] - 123 y[3] - 123 y[4] - 123 y[5]
   - 123 y[6] - 123 y[7] - 123 y[8] - 123 y[9] - 123 y[10] - 123 y[11]
   - 123 y[12] - 123 y[13] - 123 y[14] - 123 y[15] - 123 y[16] - 123 y[17]
   - 123 y[18] - 123 y[19] - 123 y[20] - 123 y[21] - 123 y[22] - 246 y[23]
   - phi3[23] + phi5 - a2[23] = -3.8650075e+07
 R96: - phi4[0] + phi6 + phi7[0] - phi8[0] - a3[0] = 0
 R97: - phi4[1] + phi6 + phi7[1] - phi8[1] - a3[1] = 0
 R98: - phi4[2] + phi6 + phi7[2] - phi8[2] - a3[2] = 0
 R99: - phi4[3] + phi6 + phi7[3] - phi8[3] - a3[3] = 0
 R100: - phi4[4] + phi6 + phi7[4] - phi8[4] - a3[4] = 0
 R101: - phi4[5] + phi6 + phi7[5] - phi8[5] - a3[5] = 0
 R102: - phi4[6] + phi6 + phi7[6] - phi8[6] - a3[6] = 0
 R103: - phi4[7] + phi6 + phi7[7] - phi8[7] - a3[7] = 0
 R104: - phi4[8] + phi6 + phi7[8] - phi8[8] - a3[8] = 0
 R105: - phi4[9] + phi6 + phi7[9] - phi8[9] - a3[9] = 0
 R106: - phi4[10] + phi6 + phi7[10] - phi8[10] - a3[10] = 0
 R107: - phi4[11] + phi6 + phi7[11] - phi8[11] - a3[11] = 0
 R108: - phi4[12] + phi6 + phi7[12] - phi8[12] - a3[12] = 0
 R109: - phi4[13] + phi6 + phi7[13] - phi8[13] - a3[13] = 0
 R110: - phi4[14] + phi6 + phi7[14] - phi8[14] - a3[14] = 0
 R111: - phi4[15] + phi6 + phi7[15] - phi8[15] - a3[15] = 0
 R112: - phi4[16] + phi6 + phi7[16] - phi8[16] - a3[16] = 0
 R113: - phi4[17] + phi6 + phi7[17] - phi8[17] - a3[17] = 0
 R114: - phi4[18] + phi6 + phi7[18] - phi8[18] - a3[18] = 0
 R115: - phi4[19] + phi6 + phi7[19] - phi8[19] - a3[19] = 0
 R116: - phi4[20] + phi6 + phi7[20] - phi8[20] - a3[20] = 0
 R117: - phi4[21] + phi6 + phi7[21] - phi8[21] - a3[21] = 0
 R118: - phi4[22] + phi6 + phi7[22] - phi8[22] - a3[22] = 0
 R119: - phi4[23] + phi6 + phi7[23] - phi8[23] - a3[23] = 0
 R120: - 600 phi1[0,0] - 1.47e+07 phi1[1,0] - 960330 phi2[0,0]
   - 1.033323e+06 phi2[1,0] - 182263.4 phi2[2,0] + 99631.87 phi3[0]
   - 136697.55 phi4[0] - a4[0,0] = 0
 R121: - 900 phi1[0,0] - 2.25e+07 phi1[1,0] - 1.308329e+06 phi2[0,0]
   - 1.830292e+06 phi2[1,0] - 251500.8 phi2[2,0] + 132776.5 phi3[0]
   - 188625.6 phi4[0] - a4[1,0] = 0
 R122: - 500 phi1[0,0] - 1.18e+07 phi1[1,0] - 895071 phi2[0,0]
   - 1.008138e+06 phi2[1,0] - 146602.3 phi2[2,0]
   + 84818.28999999999 phi3[0] - 109951.725 phi4[0] - a4[2,0] = 0
 R123: - 1350 phi1[0,0] - 3.51e+07 phi1[1,0] - 3.730386e+06 phi2[0,0]
   - 5.417133e+06 phi2[1,0] - 385843.3 phi2[2,0] + 235050.3 phi3[0]
   - 289382.475 phi4[0] - a4[3,0] = 0
 R124: - 1350 phi1[0,0] - 3.65e+07 phi1[1,0] - 771524.75 phi2[0,0]
   - 1.083453e+06 phi2[1,0] - 379717 phi2[2,0] + 223770.7 phi3[0]
   - 284787.75 phi4[0] - a4[4,0] = 0
 R125: - 1350 phi1[0,0] - 3.8e+07 phi1[1,0] - 771524.75 phi2[0,0]
   - 1.083453e+06 phi2[1,0] - 327397.8 phi2[2,0] + 215609.2 phi3[0]
   - 245548.35 phi4[0] - a4[5,0] = 0
 R126: - 900 phi1[0,0] - 2.55e+07 phi1[1,0] - 771524.75 phi2[0,0]
   - 1.083453e+06 phi2[1,0] - 187722.3 phi2[2,0] + 54236.19 phi3[0]
   - 140791.725 phi4[0] - a4[6,0] = 0
 R127: - 1800 phi1[0,0] - 4.9e+07 phi1[1,0] - 771524.75 phi2[0,0]
   - 1.083453e+06 phi2[1,0] - 377061.7 phi2[2,0] + 212407.2 phi3[0]
   - 282796.275 phi4[0] - a4[7,0] = 0
 R128: - 600 phi1[0,0] - 1.58e+07 phi1[1,0] - 287219 phi2[0,0]
   - 1.096798e+06 phi2[1,0] - 177873.5 phi2[2,0] + 114549.6 phi3[0]
   - 133405.125 phi4[0] - a4[8,0] = 0
 R129: - 1350 phi1[0,0] - 3.5771e+07 phi1[1,0]
   - 2.5693216666666665e+06 phi2[0,0] - 3.0029256666666665e+06 phi2[1,0]
   - 379168.7 phi2[2,0] + 134504.3 phi3[0] - 284376.525 phi4[0] - a4[9,0]
   = 0
 R130: - 900 phi1[0,0] - 1.46e+07 phi1[1,0]
   - 2.5693216666666665e+06 phi2[0,0] - 3.0029256666666665e+06 phi2[1,0]
   - 202365.1 phi2[2,0] + 102684.9 phi3[0] - 151773.825 phi4[0] - a4[10,0]
   = 0
 R131: - 1350 phi1[0,0] - 2.23e+07 phi1[1,0]
   - 2.5693216666666665e+06 phi2[0,0] - 3.0029256666666665e+06 phi2[1,0]
   - 251888.9 phi2[2,0] + 123818.5 phi3[0] - 188916.675 phi4[0] - a4[11,0]
   = 0
 R132: - 900 phi1[0,0] - 2.372e+07 phi1[1,0] - 473901 phi2[0,0]
   - 976738 phi2[1,0] - 219906.8 phi2[2,0] + 134164.5 phi3[0]
   - 164930.1 phi4[0] - a4[12,0] = 0
 R133: - 300 phi1[0,0] - 2.326e+06 phi1[1,0] - 341706 phi2[0,0]
   - 776203 phi2[1,0] - 63239.45 phi2[2,0] + 16811.61 phi3[0]
   - 47429.58749999999 phi4[0] - a4[13,0] = 0
 R134: - 900 phi1[0,0] - 2.5e+07 phi1[1,0] - 639013 phi2[0,0]
   - 871609 phi2[1,0] - 268204.2 phi2[2,0] + 157251.3 phi3[0]
   - 201153.15 phi4[0] - a4[14,0] = 0
 R135: - 900 phi1[0,0] - 2.26e+07 phi1[1,0] - 1.381022e+06 phi2[0,0]
   - 1.623739e+06 phi2[1,0] - 254156.7 phi2[2,0] + 131201.5 phi3[0]
   - 190617.525 phi4[0] - a4[15,0] = 0
 R136: - 900 phi1[0,0] - 1.3e+07 phi1[1,0]
   - 1.5025923333333333e+06 phi2[0,0] - 1.8980153333333333e+06 phi2[1,0]
   - 182567.5 phi2[2,0] + 72399.38 phi3[0] - 136925.625 phi4[0] - a4[16,0]
   = 0
 R137: - 900 phi1[0,0] - 2.26e+07 phi1[1,0]
   - 1.5025923333333333e+06 phi2[0,0] - 1.8980153333333333e+06 phi2[1,0]
   - 262122.4 phi2[2,0] + 160709 phi3[0] - 196591.8 phi4[0] - a4[17,0] = 0
 R138: - 900 phi1[0,0] - 2.26e+07 phi1[1,0]
   - 1.5025923333333333e+06 phi2[0,0] - 1.8980153333333333e+06 phi2[1,0]
   - 271807.1 phi2[2,0] + 168598.7 phi3[0] - 203855.325 phi4[0] - a4[18,0]
   = 0
 R139: - 900 phi1[0,0] - 6e+06 phi1[1,0] - 283331.6666666667 phi2[0,0]
   - 2.4092033333333335e+06 phi2[1,0] - 134966.8 phi2[2,0]
   + 30631.83 phi3[0] - 101225.1 phi4[0] - a4[19,0] = 0
 R140: - 1500 phi1[0,0] - 1.35e+07 phi1[1,0] - 283331.6666666667 phi2[0,0]
   - 2.4092033333333335e+06 phi2[1,0] - 216178.4 phi2[2,0]
   + 79307.77 phi3[0] - 162133.8 phi4[0] - a4[20,0] = 0
 R141: - 1800 phi1[0,0] - 4.5e+07 phi1[1,0] - 283331.6666666667 phi2[0,0]
   - 2.4092033333333335e+06 phi2[1,0] - 356538 phi2[2,0] + 179905 phi3[0]
   - 267403.5 phi4[0] - a4[21,0] = 0
 R142: - 900 phi1[0,0] - 2.25e+07 phi1[1,0] - 1.0905145e+06 phi2[0,0]
   - 1.4298485e+06 phi2[1,0] - 251192.7 phi2[2,0] + 149915.3 phi3[0]
   - 188394.525 phi4[0] - a4[22,0] = 0
 R143: - 900 phi1[0,0] - 1.43e+07 phi1[1,0] - 1.0905145e+06 phi2[0,0]
   - 1.4298485e+06 phi2[1,0] - 164930.2 phi2[2,0] + 73605.6 phi3[0]
   - 123697.65 phi4[0] - a4[23,0] = 0
 R144: - 600 phi1[0,1] - 1.47e+07 phi1[1,1] - 960330 phi2[0,1]
   - 1.033323e+06 phi2[1,1] - 182263.4 phi2[2,1] + 99631.87 phi3[1]
   - 136697.55 phi4[1] - a4[0,1] = 0
 R145: - 900 phi1[0,1] - 2.25e+07 phi1[1,1] - 1.308329e+06 phi2[0,1]
   - 1.830292e+06 phi2[1,1] - 251500.8 phi2[2,1] + 132776.5 phi3[1]
   - 188625.6 phi4[1] - a4[1,1] = 0
 R146: - 500 phi1[0,1] - 1.18e+07 phi1[1,1] - 895071 phi2[0,1]
   - 1.008138e+06 phi2[1,1] - 146602.3 phi2[2,1]
   + 84818.28999999999 phi3[1] - 109951.725 phi4[1] - a4[2,1] = 0
 R147: - 1350 phi1[0,1] - 3.51e+07 phi1[1,1] - 3.730386e+06 phi2[0,1]
   - 5.417133e+06 phi2[1,1] - 385843.3 phi2[2,1] + 235050.3 phi3[1]
   - 289382.475 phi4[1] - a4[3,1] = 0
 R148: - 1350 phi1[0,1] - 3.65e+07 phi1[1,1] - 771524.75 phi2[0,1]
   - 1.083453e+06 phi2[1,1] - 379717 phi2[2,1] + 223770.7 phi3[1]
   - 284787.75 phi4[1] - a4[4,1] = 0
 R149: - 1350 phi1[0,1] - 3.8e+07 phi1[1,1] - 771524.75 phi2[0,1]
   - 1.083453e+06 phi2[1,1] - 327397.8 phi2[2,1] + 215609.2 phi3[1]
   - 245548.35 phi4[1] - a4[5,1] = 0
 R150: - 900 phi1[0,1] - 2.55e+07 phi1[1,1] - 771524.75 phi2[0,1]
   - 1.083453e+06 phi2[1,1] - 187722.3 phi2[2,1] + 54236.19 phi3[1]
   - 140791.725 phi4[1] - a4[6,1] = 0
 R151: - 1800 phi1[0,1] - 4.9e+07 phi1[1,1] - 771524.75 phi2[0,1]
   - 1.083453e+06 phi2[1,1] - 377061.7 phi2[2,1] + 212407.2 phi3[1]
   - 282796.275 phi4[1] - a4[7,1] = 0
 R152: - 600 phi1[0,1] - 1.58e+07 phi1[1,1] - 287219 phi2[0,1]
   - 1.096798e+06 phi2[1,1] - 177873.5 phi2[2,1] + 114549.6 phi3[1]
   - 133405.125 phi4[1] - a4[8,1] = 0
 R153: - 1350 phi1[0,1] - 3.5771e+07 phi1[1,1]
   - 2.5693216666666665e+06 phi2[0,1] - 3.0029256666666665e+06 phi2[1,1]
   - 379168.7 phi2[2,1] + 134504.3 phi3[1] - 284376.525 phi4[1] - a4[9,1]
   = 0
 R154: - 900 phi1[0,1] - 1.46e+07 phi1[1,1]
   - 2.5693216666666665e+06 phi2[0,1] - 3.0029256666666665e+06 phi2[1,1]
   - 202365.1 phi2[2,1] + 102684.9 phi3[1] - 151773.825 phi4[1] - a4[10,1]
   = 0
 R155: - 1350 phi1[0,1] - 2.23e+07 phi1[1,1]
   - 2.5693216666666665e+06 phi2[0,1] - 3.0029256666666665e+06 phi2[1,1]
   - 251888.9 phi2[2,1] + 123818.5 phi3[1] - 188916.675 phi4[1] - a4[11,1]
   = 0
 R156: - 900 phi1[0,1] - 2.372e+07 phi1[1,1] - 473901 phi2[0,1]
   - 976738 phi2[1,1] - 219906.8 phi2[2,1] + 134164.5 phi3[1]
   - 164930.1 phi4[1] - a4[12,1] = 0
 R157: - 300 phi1[0,1] - 2.326e+06 phi1[1,1] - 341706 phi2[0,1]
   - 776203 phi2[1,1] - 63239.45 phi2[2,1] + 16811.61 phi3[1]
   - 47429.58749999999 phi4[1] - a4[13,1] = 0
 R158: - 900 phi1[0,1] - 2.5e+07 phi1[1,1] - 639013 phi2[0,1]
   - 871609 phi2[1,1] - 268204.2 phi2[2,1] + 157251.3 phi3[1]
   - 201153.15 phi4[1] - a4[14,1] = 0
 R159: - 900 phi1[0,1] - 2.26e+07 phi1[1,1] - 1.381022e+06 phi2[0,1]
   - 1.623739e+06 phi2[1,1] - 254156.7 phi2[2,1] + 131201.5 phi3[1]
   - 190617.525 phi4[1] - a4[15,1] = 0
 R160: - 900 phi1[0,1] - 1.3e+07 phi1[1,1]
   - 1.5025923333333333e+06 phi2[0,1] - 1.8980153333333333e+06 phi2[1,1]
   - 182567.5 phi2[2,1] + 72399.38 phi3[1] - 136925.625 phi4[1] - a4[16,1]
   = 0
 R161: - 900 phi1[0,1] - 2.26e+07 phi1[1,1]
   - 1.5025923333333333e+06 phi2[0,1] - 1.8980153333333333e+06 phi2[1,1]
   - 262122.4 phi2[2,1] + 160709 phi3[1] - 196591.8 phi4[1] - a4[17,1] = 0
 R162: - 900 phi1[0,1] - 2.26e+07 phi1[1,1]
   - 1.5025923333333333e+06 phi2[0,1] - 1.8980153333333333e+06 phi2[1,1]
   - 271807.1 phi2[2,1] + 168598.7 phi3[1] - 203855.325 phi4[1] - a4[18,1]
   = 0
 R163: - 900 phi1[0,1] - 6e+06 phi1[1,1] - 283331.6666666667 phi2[0,1]
   - 2.4092033333333335e+06 phi2[1,1] - 134966.8 phi2[2,1]
   + 30631.83 phi3[1] - 101225.1 phi4[1] - a4[19,1] = 0
 R164: - 1500 phi1[0,1] - 1.35e+07 phi1[1,1] - 283331.6666666667 phi2[0,1]
   - 2.4092033333333335e+06 phi2[1,1] - 216178.4 phi2[2,1]
   + 79307.77 phi3[1] - 162133.8 phi4[1] - a4[20,1] = 0
 R165: - 1800 phi1[0,1] - 4.5e+07 phi1[1,1] - 283331.6666666667 phi2[0,1]
   - 2.4092033333333335e+06 phi2[1,1] - 356538 phi2[2,1] + 179905 phi3[1]
   - 267403.5 phi4[1] - a4[21,1] = 0
 R166: - 900 phi1[0,1] - 2.25e+07 phi1[1,1] - 1.0905145e+06 phi2[0,1]
   - 1.4298485e+06 phi2[1,1] - 251192.7 phi2[2,1] + 149915.3 phi3[1]
   - 188394.525 phi4[1] - a4[22,1] = 0
 R167: - 900 phi1[0,1] - 1.43e+07 phi1[1,1] - 1.0905145e+06 phi2[0,1]
   - 1.4298485e+06 phi2[1,1] - 164930.2 phi2[2,1] + 73605.6 phi3[1]
   - 123697.65 phi4[1] - a4[23,1] = 0
 R168: - 600 phi1[0,2] - 1.47e+07 phi1[1,2] - 960330 phi2[0,2]
   - 1.033323e+06 phi2[1,2] - 182263.4 phi2[2,2] + 99631.87 phi3[2]
   - 136697.55 phi4[2] - a4[0,2] = 0
 R169: - 900 phi1[0,2] - 2.25e+07 phi1[1,2] - 1.308329e+06 phi2[0,2]
   - 1.830292e+06 phi2[1,2] - 251500.8 phi2[2,2] + 132776.5 phi3[2]
   - 188625.6 phi4[2] - a4[1,2] = 0
 R170: - 500 phi1[0,2] - 1.18e+07 phi1[1,2] - 895071 phi2[0,2]
   - 1.008138e+06 phi2[1,2] - 146602.3 phi2[2,2]
   + 84818.28999999999 phi3[2] - 109951.725 phi4[2] - a4[2,2] = 0
 R171: - 1350 phi1[0,2] - 3.51e+07 phi1[1,2] - 3.730386e+06 phi2[0,2]
   - 5.417133e+06 phi2[1,2] - 385843.3 phi2[2,2] + 235050.3 phi3[2]
   - 289382.475 phi4[2] - a4[3,2] = 0
 R172: - 1350 phi1[0,2] - 3.65e+07 phi1[1,2] - 771524.75 phi2[0,2]
   - 1.083453e+06 phi2[1,2] - 379717 phi2[2,2] + 223770.7 phi3[2]
   - 284787.75 phi4[2] - a4[4,2] = 0
 R173: - 1350 phi1[0,2] - 3.8e+07 phi1[1,2] - 771524.75 phi2[0,2]
   - 1.083453e+06 phi2[1,2] - 327397.8 phi2[2,2] + 215609.2 phi3[2]
   - 245548.35 phi4[2] - a4[5,2] = 0
 R174: - 900 phi1[0,2] - 2.55e+07 phi1[1,2] - 771524.75 phi2[0,2]
   - 1.083453e+06 phi2[1,2] - 187722.3 phi2[2,2] + 54236.19 phi3[2]
   - 140791.725 phi4[2] - a4[6,2] = 0
 R175: - 1800 phi1[0,2] - 4.9e+07 phi1[1,2] - 771524.75 phi2[0,2]
   - 1.083453e+06 phi2[1,2] - 377061.7 phi2[2,2] + 212407.2 phi3[2]
   - 282796.275 phi4[2] - a4[7,2] = 0
 R176: - 600 phi1[0,2] - 1.58e+07 phi1[1,2] - 287219 phi2[0,2]
   - 1.096798e+06 phi2[1,2] - 177873.5 phi2[2,2] + 114549.6 phi3[2]
   - 133405.125 phi4[2] - a4[8,2] = 0
 R177: - 1350 phi1[0,2] - 3.5771e+07 phi1[1,2]
   - 2.5693216666666665e+06 phi2[0,2] - 3.0029256666666665e+06 phi2[1,2]
   - 379168.7 phi2[2,2] + 134504.3 phi3[2] - 284376.525 phi4[2] - a4[9,2]
   = 0
 R178: - 900 phi1[0,2] - 1.46e+07 phi1[1,2]
   - 2.5693216666666665e+06 phi2[0,2] - 3.0029256666666665e+06 phi2[1,2]
   - 202365.1 phi2[2,2] + 102684.9 phi3[2] - 151773.825 phi4[2] - a4[10,2]
   = 0
 R179: - 1350 phi1[0,2] - 2.23e+07 phi1[1,2]
   - 2.5693216666666665e+06 phi2[0,2] - 3.0029256666666665e+06 phi2[1,2]
   - 251888.9 phi2[2,2] + 123818.5 phi3[2] - 188916.675 phi4[2] - a4[11,2]
   = 0
 R180: - 900 phi1[0,2] - 2.372e+07 phi1[1,2] - 473901 phi2[0,2]
   - 976738 phi2[1,2] - 219906.8 phi2[2,2] + 134164.5 phi3[2]
   - 164930.1 phi4[2] - a4[12,2] = 0
 R181: - 300 phi1[0,2] - 2.326e+06 phi1[1,2] - 341706 phi2[0,2]
   - 776203 phi2[1,2] - 63239.45 phi2[2,2] + 16811.61 phi3[2]
   - 47429.58749999999 phi4[2] - a4[13,2] = 0
 R182: - 900 phi1[0,2] - 2.5e+07 phi1[1,2] - 639013 phi2[0,2]
   - 871609 phi2[1,2] - 268204.2 phi2[2,2] + 157251.3 phi3[2]
   - 201153.15 phi4[2] - a4[14,2] = 0
 R183: - 900 phi1[0,2] - 2.26e+07 phi1[1,2] - 1.381022e+06 phi2[0,2]
   - 1.623739e+06 phi2[1,2] - 254156.7 phi2[2,2] + 131201.5 phi3[2]
   - 190617.525 phi4[2] - a4[15,2] = 0
 R184: - 900 phi1[0,2] - 1.3e+07 phi1[1,2]
   - 1.5025923333333333e+06 phi2[0,2] - 1.8980153333333333e+06 phi2[1,2]
   - 182567.5 phi2[2,2] + 72399.38 phi3[2] - 136925.625 phi4[2] - a4[16,2]
   = 0
 R185: - 900 phi1[0,2] - 2.26e+07 phi1[1,2]
   - 1.5025923333333333e+06 phi2[0,2] - 1.8980153333333333e+06 phi2[1,2]
   - 262122.4 phi2[2,2] + 160709 phi3[2] - 196591.8 phi4[2] - a4[17,2] = 0
 R186: - 900 phi1[0,2] - 2.26e+07 phi1[1,2]
   - 1.5025923333333333e+06 phi2[0,2] - 1.8980153333333333e+06 phi2[1,2]
   - 271807.1 phi2[2,2] + 168598.7 phi3[2] - 203855.325 phi4[2] - a4[18,2]
   = 0
 R187: - 900 phi1[0,2] - 6e+06 phi1[1,2] - 283331.6666666667 phi2[0,2]
   - 2.4092033333333335e+06 phi2[1,2] - 134966.8 phi2[2,2]
   + 30631.83 phi3[2] - 101225.1 phi4[2] - a4[19,2] = 0
 R188: - 1500 phi1[0,2] - 1.35e+07 phi1[1,2] - 283331.6666666667 phi2[0,2]
   - 2.4092033333333335e+06 phi2[1,2] - 216178.4 phi2[2,2]
   + 79307.77 phi3[2] - 162133.8 phi4[2] - a4[20,2] = 0
 R189: - 1800 phi1[0,2] - 4.5e+07 phi1[1,2] - 283331.6666666667 phi2[0,2]
   - 2.4092033333333335e+06 phi2[1,2] - 356538 phi2[2,2] + 179905 phi3[2]
   - 267403.5 phi4[2] - a4[21,2] = 0
 R190: - 900 phi1[0,2] - 2.25e+07 phi1[1,2] - 1.0905145e+06 phi2[0,2]
   - 1.4298485e+06 phi2[1,2] - 251192.7 phi2[2,2] + 149915.3 phi3[2]
   - 188394.525 phi4[2] - a4[22,2] = 0
 R191: - 900 phi1[0,2] - 1.43e+07 phi1[1,2] - 1.0905145e+06 phi2[0,2]
   - 1.4298485e+06 phi2[1,2] - 164930.2 phi2[2,2] + 73605.6 phi3[2]
   - 123697.65 phi4[2] - a4[23,2] = 0
 R192: - 600 phi1[0,3] - 1.47e+07 phi1[1,3] - 960330 phi2[0,3]
   - 1.033323e+06 phi2[1,3] - 182263.4 phi2[2,3] + 99631.87 phi3[3]
   - 136697.55 phi4[3] - a4[0,3] = 0
 R193: - 900 phi1[0,3] - 2.25e+07 phi1[1,3] - 1.308329e+06 phi2[0,3]
   - 1.830292e+06 phi2[1,3] - 251500.8 phi2[2,3] + 132776.5 phi3[3]
   - 188625.6 phi4[3] - a4[1,3] = 0
 R194: - 500 phi1[0,3] - 1.18e+07 phi1[1,3] - 895071 phi2[0,3]
   - 1.008138e+06 phi2[1,3] - 146602.3 phi2[2,3]
   + 84818.28999999999 phi3[3] - 109951.725 phi4[3] - a4[2,3] = 0
 R195: - 1350 phi1[0,3] - 3.51e+07 phi1[1,3] - 3.730386e+06 phi2[0,3]
   - 5.417133e+06 phi2[1,3] - 385843.3 phi2[2,3] + 235050.3 phi3[3]
   - 289382.475 phi4[3] - a4[3,3] = 0
 R196: - 1350 phi1[0,3] - 3.65e+07 phi1[1,3] - 771524.75 phi2[0,3]
   - 1.083453e+06 phi2[1,3] - 379717 phi2[2,3] + 223770.7 phi3[3]
   - 284787.75 phi4[3] - a4[4,3] = 0
 R197: - 1350 phi1[0,3] - 3.8e+07 phi1[1,3] - 771524.75 phi2[0,3]
   - 1.083453e+06 phi2[1,3] - 327397.8 phi2[2,3] + 215609.2 phi3[3]
   - 245548.35 phi4[3] - a4[5,3] = 0
 R198: - 900 phi1[0,3] - 2.55e+07 phi1[1,3] - 771524.75 phi2[0,3]
   - 1.083453e+06 phi2[1,3] - 187722.3 phi2[2,3] + 54236.19 phi3[3]
   - 140791.725 phi4[3] - a4[6,3] = 0
 R199: - 1800 phi1[0,3] - 4.9e+07 phi1[1,3] - 771524.75 phi2[0,3]
   - 1.083453e+06 phi2[1,3] - 377061.7 phi2[2,3] + 212407.2 phi3[3]
   - 282796.275 phi4[3] - a4[7,3] = 0
 R200: - 600 phi1[0,3] - 1.58e+07 phi1[1,3] - 287219 phi2[0,3]
   - 1.096798e+06 phi2[1,3] - 177873.5 phi2[2,3] + 114549.6 phi3[3]
   - 133405.125 phi4[3] - a4[8,3] = 0
 R201: - 1350 phi1[0,3] - 3.5771e+07 phi1[1,3]
   - 2.5693216666666665e+06 phi2[0,3] - 3.0029256666666665e+06 phi2[1,3]
   - 379168.7 phi2[2,3] + 134504.3 phi3[3] - 284376.525 phi4[3] - a4[9,3]
   = 0
 R202: - 900 phi1[0,3] - 1.46e+07 phi1[1,3]
   - 2.5693216666666665e+06 phi2[0,3] - 3.0029256666666665e+06 phi2[1,3]
   - 202365.1 phi2[2,3] + 102684.9 phi3[3] - 151773.825 phi4[3] - a4[10,3]
   = 0
 R203: - 1350 phi1[0,3] - 2.23e+07 phi1[1,3]
   - 2.5693216666666665e+06 phi2[0,3] - 3.0029256666666665e+06 phi2[1,3]
   - 251888.9 phi2[2,3] + 123818.5 phi3[3] - 188916.675 phi4[3] - a4[11,3]
   = 0
 R204: - 900 phi1[0,3] - 2.372e+07 phi1[1,3] - 473901 phi2[0,3]
   - 976738 phi2[1,3] - 219906.8 phi2[2,3] + 134164.5 phi3[3]
   - 164930.1 phi4[3] - a4[12,3] = 0
 R205: - 300 phi1[0,3] - 2.326e+06 phi1[1,3] - 341706 phi2[0,3]
   - 776203 phi2[1,3] - 63239.45 phi2[2,3] + 16811.61 phi3[3]
   - 47429.58749999999 phi4[3] - a4[13,3] = 0
 R206: - 900 phi1[0,3] - 2.5e+07 phi1[1,3] - 639013 phi2[0,3]
   - 871609 phi2[1,3] - 268204.2 phi2[2,3] + 157251.3 phi3[3]
   - 201153.15 phi4[3] - a4[14,3] = 0
 R207: - 900 phi1[0,3] - 2.26e+07 phi1[1,3] - 1.381022e+06 phi2[0,3]
   - 1.623739e+06 phi2[1,3] - 254156.7 phi2[2,3] + 131201.5 phi3[3]
   - 190617.525 phi4[3] - a4[15,3] = 0
 R208: - 900 phi1[0,3] - 1.3e+07 phi1[1,3]
   - 1.5025923333333333e+06 phi2[0,3] - 1.8980153333333333e+06 phi2[1,3]
   - 182567.5 phi2[2,3] + 72399.38 phi3[3] - 136925.625 phi4[3] - a4[16,3]
   = 0
 R209: - 900 phi1[0,3] - 2.26e+07 phi1[1,3]
   - 1.5025923333333333e+06 phi2[0,3] - 1.8980153333333333e+06 phi2[1,3]
   - 262122.4 phi2[2,3] + 160709 phi3[3] - 196591.8 phi4[3] - a4[17,3] = 0
 R210: - 900 phi1[0,3] - 2.26e+07 phi1[1,3]
   - 1.5025923333333333e+06 phi2[0,3] - 1.8980153333333333e+06 phi2[1,3]
   - 271807.1 phi2[2,3] + 168598.7 phi3[3] - 203855.325 phi4[3] - a4[18,3]
   = 0
 R211: - 900 phi1[0,3] - 6e+06 phi1[1,3] - 283331.6666666667 phi2[0,3]
   - 2.4092033333333335e+06 phi2[1,3] - 134966.8 phi2[2,3]
   + 30631.83 phi3[3] - 101225.1 phi4[3] - a4[19,3] = 0
 R212: - 1500 phi1[0,3] - 1.35e+07 phi1[1,3] - 283331.6666666667 phi2[0,3]
   - 2.4092033333333335e+06 phi2[1,3] - 216178.4 phi2[2,3]
   + 79307.77 phi3[3] - 162133.8 phi4[3] - a4[20,3] = 0
 R213: - 1800 phi1[0,3] - 4.5e+07 phi1[1,3] - 283331.6666666667 phi2[0,3]
   - 2.4092033333333335e+06 phi2[1,3] - 356538 phi2[2,3] + 179905 phi3[3]
   - 267403.5 phi4[3] - a4[21,3] = 0
 R214: - 900 phi1[0,3] - 2.25e+07 phi1[1,3] - 1.0905145e+06 phi2[0,3]
   - 1.4298485e+06 phi2[1,3] - 251192.7 phi2[2,3] + 149915.3 phi3[3]
   - 188394.525 phi4[3] - a4[22,3] = 0
 R215: - 900 phi1[0,3] - 1.43e+07 phi1[1,3] - 1.0905145e+06 phi2[0,3]
   - 1.4298485e+06 phi2[1,3] - 164930.2 phi2[2,3] + 73605.6 phi3[3]
   - 123697.65 phi4[3] - a4[23,3] = 0
 R216: - 600 phi1[0,4] - 1.47e+07 phi1[1,4] - 960330 phi2[0,4]
   - 1.033323e+06 phi2[1,4] - 182263.4 phi2[2,4] + 99631.87 phi3[4]
   - 136697.55 phi4[4] - a4[0,4] = 0
 R217: - 900 phi1[0,4] - 2.25e+07 phi1[1,4] - 1.308329e+06 phi2[0,4]
   - 1.830292e+06 phi2[1,4] - 251500.8 phi2[2,4] + 132776.5 phi3[4]
   - 188625.6 phi4[4] - a4[1,4] = 0
 R218: - 500 phi1[0,4] - 1.18e+07 phi1[1,4] - 895071 phi2[0,4]
